3
7
13
17
23
37
43
47
53
67
73
83
97
103
107
113
137
167
173
197
223
283
307
313
317
337
347
353
367
373
383
397
443
467
503
523
547
607
613
617
643
647
653
673
683
743
773
797
823
853
883
907
937
947
953
967
983
997
1013
1097
1103
1223
1283
1307
1367
1373
1523
1607
1613
1823
1907
1997
2003
2017
2053
2083
2113
2137
2347
2383
2467
2503
2617
2647
2683
2797
2953
3023
3037
3067
3083
3137
3167
3307
3313
3347
3373
3467
3547
3607
3613
3617
3643
3673
3797
3823
3853
3907
3947
3967
4003
4007
4013
4073
4283
4337
4373
4397
4523
4547
4643
4673
4937
4967
5003
5023
5107
5113
5167
5197
5347
5443
5503
5647
5653
5683
5743
5953
6007
6037
6043
6047
6053
6067
6073
6113
6173
6197
6317
6337
6353
6367
6373
6397
6547
6607
6653
6673
6823
6883
6907
6947
6967
6983
6997
7013
7043
7103
7283
7307
7523
7547
7607
7643
7673
7823
7853
7883
7907
7937
8017
8053
8167
8317
8353
8443
8467
8647
9007
9013
9043
9067
9103
9137
9173
9283
9337
9397
9467
9547
9613
9643
9743
9883
9907
9967
10007
10037
10067
10103
10223
10313
10337
10607
10613
10853
10883
10937
12113
12347
12503
12647
12953
13037
13313
13613
13907
13967
15107
15443
15647
15683
16007
16067
16073
16547
16607
16673
16823
16883
18353
18443
19013
20023
20047
20107
20113
20173
20347
20353
20443
20743
20773
20947
20983
21013
21283
21523
21613
21997
22003
23167
24007
24337
24373
24547
24967
26053
26113
26317
26947
27043
27103
27283
27673
27823
27883
29137
29173
30013
30047
30097
30103
30113
30137
30197
30223
30307
30313
30347
30367
30467
30643
30773
30853
30937
30983
31013
31223
31307
31607
31907
32003
32083
32467
32503
32647
32797
33023
33037
33083
33347
33547
33613
33617
33797
33967
34283
34337
34673
35023
35107
36007
36037
36067
36073
36353
36373
36607
36653
36947
36997
37013
37307
37547
37607
37643
37853
37907
38053
38167
38317
39043
39103
39397
39883
40013
40037
40283
40823
40853
40883
42017
42083
42467
42683
42797
42953
43037
43067
43313
43607
43613
43853
45197
45503
45953
46073
46337
46997
48017
48353
48647
49043
49103
49547
49613
50023
50047
50053
50383
50503
50647
50683
50773
51283
51307
51607
51613
51907
53617
54013
54547
54673
56053
56113
56197
56983
57283
57853
59467
59743
60013
60017
60037
60083
60103
60107
60167
60223
60317
60337
60353
60373
60383
60397
60443
60607
60617
60647
60773
60937
60953
61223
61283
61613
62003
62017
62053
62137
62347
62383
62467
62617
62683
63067
63313
63347
63467
63607
63617
63823
63853
63907
64007
64013
64283
64373
64937
65003
65167
65647
66037
66047
66067
66173
66337
66373
66653
66883
66947
67043
67103
67307
67523
67547
67607
67853
67883
68053
68443
69067
69337
69467
70003
70067
70223
70313
70373
70607
70823
70853
70937
70997
72053
72383
72467
72503
72617
72647
72797
72953
73037
73547
73607
73613
73643
73673
73823
73907
75167
75347
75503
75653
75683
75743
76367
76607
76673
76883
76907
78017
78167
78317
78467
79043
79103
79283
79337
79397
79613
79907
79967
80107
80167
80173
80317
80347
80683
80953
81013
81097
81223
81283
81307
81373
82003
83023
83137
83617
84523
84673
84967
86113
86197
86353
87013
87103
87523
87547
87643
87853
89137
90007
90017
90023
90053
90067
90073
90107
90173
90197
90313
90353
90373
90397
90523
90547
90617
90647
90823
90907
90947
90997
91097
91283
91367
91373
91823
91997
92003
92083
92347
92383
92467
92503
92647
92683
93083
93307
93607
93967
94007
94397
94547
95003
95107
95443
96043
96053
96337
96353
96823
96907
96997
97103
97283
97523
97547
97607
97673
97883
98017
98317
98443
98467
99013
99103
99137
99173
99397
99643
99907
100003
100043
100103
100313
100523
100547
100613
100673
100823
100853
100907
100937
102503
102647
102797
102953
103067
103307
103613
103643
103967
104003
105023
105107
105167
105503
105653
105683
105953
106367
106373
106397
106823
106907
109013
109103
109397
109547
109883
120047
120947
121013
121283
121523
121997
124337
126317
127103
130223
130307
130367
130643
132647
133967
136067
136373
136607
138053
139397
139883
150053
150383
150503
151607
160373
160397
162017
162053
162683
163853
169067
170003
180317
180347
181283
183023
184523
184967
186113
187547
190313
190523
190823
190997
192347
192383
193607
195443
196043
196337
196907
198017
199103
200003
200017
200023
200383
200443
200467
200797
200983
201307
201823
201907
201997
203023
203617
203947
204007
204013
204397
206047
206197
207013
207307
207523
207547
207643
207673
209173
209743
210037
210853
213613
215443
216607
230047
230137
230467
230773
231223
231607
232003
233083
233347
233617
234673
236653
236947
237547
237607
240283
240853
240883
242083
242467
242797
243613
246073
249103
260017
260317
260647
260773
261223
264007
264013
264283
265003
266047
266947
267307
267523
270223
270937
272053
272383
273613
273643
275167
275503
276673
276883
276907
278017
279337
279397
279613
279967
290023
290107
290617
291367
291373
291997
294397
296353
297523
297607
299137
300007
300017
300023
300043
300073
300137
300317
300347
300367
300397
300647
300673
300683
300743
300823
300953
300967
300997
301013
301907
301997
302053
302647
303307
303313
303547
303613
303617
303643
303907
304013
304373
304523
304643
304937
305023
305113
305743
306367
306653
306883
306947
307103
307283
307523
307823
308017
308317
308467
309007
309013
309137
309173
310223
310313
310883
313037
313613
316067
316073
318443
320107
320113
326113
326947
327673
327823
330047
330097
330103
330313
330347
330643
330853
330983
331013
331307
331907
332467
333023
335107
336353
336373
336653
336997
337013
337607
337853
337907
338167
339103
340037
340283
342467
343037
343313
345953
346337
348017
348353
349043
350503
356113
356197
357283
360037
360167
360223
360317
360337
360953
361223
362003
362053
362137
362347
363067
363313
364373
364937
365003
366173
367307
367547
367853
367883
368443
369067
370003
370067
370373
372797
373613
373823
375743
378167
378317
378467
379103
379283
379397
381097
381223
381373
382003
383023
384673
387853
390067
390107
390353
390373
390647
391283
391367
391373
391823
392347
392383
392467
392503
392647
393083
394007
395107
395443
396043
396353
396997
397283
397547
397673
398467
399137
399173
399643
400067
400307
400313
400523
400607
400643
400823
400853
400997
402053
402137
402383
402503
402797
403037
403547
403607
405347
405683
406037
406067
406073
406397
406547
406673
406883
406907
409007
409043
409337
409397
409967
420047
420353
420743
421997
424007
424547
424967
427043
427103
427283
427883
429137
430013
432503
432797
433967
435107
436607
439883
450383
450503
453617
454547
454673
459467
460013
460337
460373
460937
462467
463313
463823
463907
465167
466373
480107
480167
480317
481097
481307
481373
487013
490313
492083
492467
492647
493607
493967
496997
498467
499397
500083
500107
500113
500167
500173
500197
500317
500443
500947
500953
501013
501103
501223
501367
501997
503137
503947
504073
504337
504523
504547
504937
504967
506047
506113
506173
506983
507103
507523
507607
507673
507883
507907
507937
509137
510007
510067
510613
512503
513313
516673
516883
530137
530197
530773
530983
534283
536353
536947
537307
537547
537853
540283
540823
542083
542467
542683
542797
543313
543607
543853
549547
560017
560083
560107
560317
560353
560617
563467
564013
564373
564937
566047
566173
566653
566947
567607
567883
570373
570853
570937
572053
573673
575503
576883
578167
578317
578467
579283
579613
579907
579967
590647
593083
594397
595003
596053
597523
597673
600043
600053
600073
600167
600283
600307
600317
600337
600367
600673
600823
600883
600947
600983
601283
601607
601823
602083
602137
602383
602647
603023
603467
603607
603613
603853
603907
603947
604007
604013
604073
604397
604547
605023
605113
605167
605347
605443
605503
605953
606037
606113
606173
606607
606653
606673
606967
606997
607043
607307
607823
607883
609043
609067
609173
609283
609337
609397
609613
609743
609907
612113
613967
615107
616073
616547
616673
620743
620773
620947
621013
621997
624007
626113
626317
626947
627673
629137
630197
630307
630467
631013
631223
631307
632083
632503
632647
633037
633613
633797
633967
636073
636353
636653
636947
636997
637607
638317
639043
640853
642683
642797
642953
645503
646073
649613
653617
656113
659467
660013
660103
660167
660337
660607
660617
661613
662003
662617
663823
663853
663907
666067
666173
667103
667547
667883
670223
670823
670853
672953
673613
673643
675347
675743
676883
679907
680107
680347
686197
686353
687013
687523
690073
690397
690997
691997
692347
692467
692647
693607
693967
695003
696053
696823
696907
697523
697673
698017
700067
700103
700223
700307
700367
700523
700643
700673
700883
700907
700937
702017
702113
702137
702347
702503
702683
703643
703673
703907
704003
705113
705167
705197
706067
706337
706373
706547
706883
706907
708017
708053
708353
708647
709043
709283
709337
709547
709967
720023
720173
720743
720773
720947
720983
721013
721283
721613
721997
723167
724007
724547
724967
727673
727823
729173
730853
732467
735107
736007
736037
736607
738053
738317
739103
739397
750383
751307
751613
753617
756053
759467
760103
760373
760607
762017
762053
763067
763823
763907
766067
766373
780173
780347
780683
780953
781283
781307
782003
783023
783137
786197
787547
789137
790397
790523
790547
790997
792383
792647
793607
793967
796337
798443
799103
800053
800083
800113
800647
800743
800773
800953
801103
801607
803347
804007
804073
804283
804337
804523
806317
806947
807523
807607
807907
809173
810223
810853
812347
812503
813613
813907
816547
816883
818353
832003
833023
833347
833617
834283
837307
837853
840823
843067
843607
843613
845197
846997
848017
848647
849103
860107
860317
860383
860647
861613
864007
864013
865003
866653
867547
869467
870223
870823
870853
870997
872383
872647
872953
873643
875503
875683
876607
878167
878467
879103
879283
890053
890107
891823
891997
894547
895003
896353
897103
897607
900007
900037
900103
900283
900307
900397
900443
900607
900673
900743
900773
900797
900937
900997
901013
901097
901367
901613
901907
901997
902017
902053
902137
902347
902953
903037
903347
903547
903607
903613
903673
903967
904073
904283
904523
904643
905167
905197
905347
905647
905683
906007
906043
906197
906317
906673
906823
908053
908317
908353
909043
909173
909547
909613
909743
909907
910103
910853
910883
912647
912953
913037
913907
915683
916073
918353
918443
919013
920107
920443
920743
920947
921013
921523
924337
924967
926113
930113
930197
930467
930773
931013
931907
932003
932647
933613
933797
933967
934673
935023
935107
936007
938053
940853
942017
946997
949043
950023
950647
951283
956113
959467
960017
960353
960373
960383
960647
960937
961283
961613
962617
962683
963607
964283
964373
965647
966337
966373
966653
966883
967607
969467
970313
970997
973547
973823
975743
976607
976883
978017
979103
979283
979337
979907
980107
980173
981283
981373
983617
986113
986197
987013
987523
990023
990053
990313
990397
990523
990547
995443
997103
997547
998017
998443
999907
